       1 6300.30  8.0 0.000 -9.750              12.3                        
       2 7771.94  8.0 9.140  0.370        14.5  35.1        22.9  22.4   3.6
       3 7774.16  8.0 9.140  0.220              26.0        14.5  19.8   2.1
       4 7775.39  8.0 9.140  0.000              18.1        12.7            
       5 5682.63 11.0 2.100 -0.630  27.1  17.7  45.9  31.3        16.6  49.1
       6 5688.21 11.0 2.100 -0.420  41.7  41.4  60.3  42.5        24.7  74.5
       7 5889.95 11.0 0.000  0.108                         272.3            
       8 5895.92 11.0 0.000 -0.194                         205.9            
       9 6154.23 11.0 2.100 -1.510                                       7.1
      10 6160.75 11.0 2.100 -1.240              17.5                    18.2
      11 8183.26 11.0 2.100  0.220 124.0 117.1 115.0 150.4  56.2  83.6      
      12 8194.82 11.0 2.100  0.530 161.5 147.3       182.7  83.9 124.5      
      13 4571.10 12.0 0.000 -5.500       105.0                    75.1      
      14 4730.04 12.0 4.350 -2.390        21.0  43.1                        
      15 5711.09 12.0 4.340 -1.850  77.1  65.6  85.8  86.3  34.8  58.8  92.8
      16 6318.71 12.0 5.110 -1.940              25.3                        
      17 6319.24 12.0 5.110 -2.160              18.2                        
      18 7387.69 12.0 5.750 -1.250   9.8        38.6                    14.9
      19 7657.61 12.0 5.110 -1.240              78.3        32.2            
      20 7691.55 12.0 5.750 -1.000  33.3        45.1  35.0  25.4        31.1
      21 8712.69 12.0 5.930 -1.310              26.3                        
      22 8717.83 12.0 5.930 -1.050  23.1  20.5  40.9                    16.7
      23 8736.02 12.0 5.940 -0.630  48.6  56.2  76.9  54.0  34.4  46.2  50.4
      24 6696.02 13.0 3.140 -1.560        10.3                          18.4
      25 6698.67 13.0 3.140 -1.910                                       7.9
      26 7835.31 13.0 4.020 -0.790         7.8  11.3                     8.0
      27 7836.13 13.0 4.020 -0.610        14.3                          14.6
      28 8772.87 13.0 4.020 -0.460  12.7  22.6  25.1                    19.3
      29 8773.90 13.0 4.020 -0.300  17.4  31.5  38.8                    38.9
      30 5665.56 14.0 4.920 -1.940              23.6                        
      31 5684.48 14.0 4.950 -1.560        29.4  36.9              14.7      
      32 5690.42 14.0 4.930 -1.760        18.5  26.0              12.8      
      33 5701.10 14.0 4.930 -1.990              26.0                        
      34 5772.15 14.0 5.080 -1.580              32.1                        
      35 5793.07 14.0 4.930 -1.880              24.1              16.3      
      36 5797.86 14.0 4.950 -1.870              25.4                        
      37 5948.54 14.0 5.080 -1.060        37.2  59.7  21.7  20.1  31.5  24.6
      38 6125.02 14.0 5.610 -1.490              14.2                        
      39 6142.48 14.0 5.610 -1.480              16.5                        
      40 6145.02 14.0 5.610 -1.390              17.5                        
      41 6155.13 14.0 5.610 -0.700  14.1        40.3              18.7      
      42 6237.32 14.0 5.610 -1.000              32.2                        
      43 6243.81 14.0 5.610 -1.240              25.7                        
      44 6244.47 14.0 5.610 -1.270              18.6                        
      45 6414.99 14.0 5.870 -1.030        12.8  23.0                        
      46 6721.84 14.0 5.860 -1.160              20.3                        
      47 7034.90 14.0 5.870 -0.750        19.9  33.8  11.2        22.4      
      48 7405.77 14.0 5.610 -0.620  21.5  35.8  59.2        23.4  35.7      
      49 7409.10 14.0 5.620 -0.880              51.2              42.8      
      50 7415.95 14.0 5.610 -0.710  18.5  37.2  57.6  17.7  17.4  32.1  17.9
      51 7423.50 14.0 5.610 -0.590  29.9  43.2  64.3        26.8  27.9  30.1
      52 7680.27 14.0 5.860 -0.530              47.4        15.7            
      53 7800.00 14.0 6.180 -0.650              25.6                        
      54 7849.97 14.0 6.190 -0.690              31.2                        
      55 7918.38 14.0 5.950 -0.500              44.7                        
      56 7932.35 14.0 5.960 -0.370              41.6                        
      57 7944.00 14.0 5.980 -0.140        55.6  63.0  31.1  24.6  41.9      
      58 8728.01 14.0 6.180 -0.430        28.9  41.3        13.4            
      59 8742.45 14.0 5.870 -0.500  16.7  41.5  53.8  27.2  22.6  35.5      
      60 8752.01 14.0 5.870 -0.410  34.4  53.8  70.6  39.0  24.9  52.4  20.9
      61 7664.90 19.0 0.000  0.127 191.8 127.1 166.2 209.0  72.5  66.7 255.6
      62 7698.96 19.0 0.000 -0.176 201.3 132.2 146.2 173.8  86.5  93.2 206.3
      63 4283.01 20.0 1.890 -0.220                          72.9            
      64 4318.65 20.0 1.890 -0.207                          66.5            
      65 4425.44 20.0 1.880 -0.360                          88.4  99.2      
      66 4434.96 20.0 1.890 -0.005                          90.5 132.4      
      67 4454.78 20.0 1.900  0.258                               155.3      
      68 4455.89 20.0 1.900 -0.530                          74.2  91.6      
      69 4526.93 20.0 2.700 -0.730  76.4              66.0  29.1       119.4
      70 4578.55 20.0 2.520 -0.900  67.0  54.4        68.7  24.4  42.7 128.0
      71 4685.27 20.0 2.930 -0.930  32.3              23.7                  
      72 5260.39 20.0 2.520 -1.790         9.2  19.3  12.4              32.9
      73 5261.70 20.0 2.520 -0.730                          30.0  52.9      
      74 5349.46 20.0 2.700 -0.560  93.9  63.7        90.4  36.8  51.7      
      75 5512.98 20.0 2.930 -0.520  61.9  47.8  67.3  66.4  20.7  41.5      
      76 5581.96 20.0 2.520 -0.490              83.9        34.8  49.6      
      77 5588.76 20.0 2.530  0.358                          93.8 104.8      
      78 5590.11 20.0 2.520 -0.560              75.7        34.7  56.4      
      79 5594.47 20.0 2.520  0.097                          72.9  96.8      
      80 5598.49 20.0 2.520 -0.087                          48.8 103.2      
      81 5601.28 20.0 2.520 -0.690                          30.3  54.8      
      82 6122.22 20.0 1.880 -0.310             147.8             152.2      
      83 6161.30 20.0 2.520 -1.300                          13.1  26.9      
      84 6162.17 20.0 1.900 -0.090                               181.3      
      85 6166.44 20.0 2.520 -1.150  53.9  34.2        53.0  11.2  23.9  95.5
      86 6169.04 20.0 2.520 -0.800  95.5              74.7  28.9  52.1      
      87 6169.56 20.0 2.520 -0.570 121.7                    42.6  69.8      
      88 6439.08 20.0 2.520  0.270             137.2        97.4 112.7      
      89 6455.60 20.0 2.520 -1.320  37.1  28.2  44.5  38.4        17.6  66.4
      90 6462.57 20.0 2.520  0.262                          94.9 135.3      
      91 6471.66 20.0 2.520 -0.640 110.2        76.8  81.7  28.2  49.2      
      92 6493.78 20.0 2.520 -0.110             107.3        62.4  82.8      
      93 6499.65 20.0 2.520 -0.730  83.6        75.1  71.2  24.0  31.6      
      94 4415.56 21.1 0.600 -0.670        57.4  92.0                        
      95 4670.41 21.1 1.360 -0.580        21.4  71.5                        
      96 5239.81 21.1 1.460 -0.770        15.3  53.9                        
      97 5526.79 21.1 1.770  0.024  22.3  28.6  73.4  21.1        23.1  19.5
      98 5641.00 21.1 1.500 -1.130         8.4  43.2                        
      99 5657.90 21.1 1.510 -0.600  13.8  16.0  64.1  15.5        13.7  12.6
     100 5667.15 21.1 1.500 -1.310              28.5                        
     101 5669.04 21.1 1.500 -1.200              35.8                        
     102 5684.20 21.1 1.510 -1.070         7.7  38.3                        
     103 6245.64 21.1 1.510 -1.022              36.5                     5.5
     104 6279.75 21.1 1.500 -1.252              28.6                        
     105 6604.60 21.1 1.360 -1.310              39.0                        
     106 4512.73 22.0 0.830 -0.420  81.3  43.3  59.0  61.2                  
     107 4518.02 22.0 0.820 -0.270  87.1  60.2        84.0        47.7      
     108 4555.48 22.0 0.840 -0.430  68.3  49.6  61.2  71.6        50.1      
     109 4617.27 22.0 1.740  0.450  66.7        63.1  61.9        32.8  90.6
     110 4623.10 22.0 1.730  0.170  51.5  30.4  59.1  44.7              75.5
     111 4758.12 22.0 2.240  0.480  31.4              30.6              59.6
     112 4820.41 22.0 1.500 -0.390  28.1  18.6  50.3  41.3              59.9
     113 4840.87 22.0 0.900 -0.450  66.1  50.8  69.6  64.2        35.5      
     114 4913.61 22.0 1.870  0.220  41.7  24.4  46.8  52.3              75.4
     115 5016.16 22.0 0.840 -0.520  70.3  40.8  67.9  63.1  18.6  26.4      
     116 5022.87 22.0 0.820 -0.380        56.9  81.4        25.9  39.6      
     117 5024.84 22.0 0.810 -0.550  76.6  46.2  82.4        19.2  33.0      
     118 5039.96 22.0 0.020 -1.130              84.3        22.8  48.8      
     119 5087.06 22.0 1.430 -0.780              19.8                        
     120 5113.44 22.0 1.440 -0.730              30.2                        
     121 5145.47 22.0 1.460 -0.570              27.8                        
     122 5147.48 22.0 0.000 -2.010              49.8              11.1      
     123 5219.70 22.0 0.020 -2.240  36.6        40.2  29.3                  
     124 5295.78 22.0 1.050 -1.630                                      33.8
     125 5426.25 22.0 0.020 -2.950                    12.6                  
     126 5474.22 22.0 1.460 -1.230              10.1                        
     127 5490.15 22.0 1.460 -0.880  23.6        24.0  21.8                  
     128 5866.45 22.0 1.060 -0.780  51.2        53.3  51.6        18.9      
     129 5903.32 22.0 1.070 -2.140   9.5                                    
     130 5922.12 22.0 1.050 -1.470  18.5        23.5  20.3                  
     131 5937.81 22.0 1.070 -1.890                                      20.4
     132 5941.75 22.0 1.050 -1.520  15.9        23.8  12.8                  
     133 5953.16 22.0 1.880 -0.270  28.0        31.3  21.9              49.1
     134 6091.18 22.0 2.270 -0.420              11.7   9.7                  
     135 6126.22 22.0 1.060 -1.370  24.6        29.0  20.6                  
     136 6258.10 22.0 1.440 -0.300  56.0  34.7  55.5  54.0        17.5      
     137 6261.10 22.0 1.430 -0.420  54.7  30.1  52.8  41.0        12.8      
     138 6303.76 22.0 1.440 -1.510   8.2        14.0                    18.6
     139 6312.24 22.0 1.460 -1.550               7.6                        
     140 6554.24 22.0 1.440 -1.220  12.2        15.8                        
     141 6743.12 22.0 0.900 -1.630  21.2        25.5  22.5              45.0
     142 7949.15 22.0 1.500 -1.460              13.3                        
     143 4563.76 22.1 1.220 -0.690  97.1       123.9  92.7        87.0 111.1
     144 4636.32 22.1 1.160 -3.020              27.3                        
     145 4657.21 22.1 1.240 -2.240  26.9        69.6                        
     146 4708.67 22.1 1.230 -2.340  14.0        55.8                        
     147 4865.61 22.1 1.110 -2.790              54.8                        
     148 4911.19 22.1 3.120 -0.610              38.6                        
     149 5005.16 22.1 1.560 -2.720              25.1                        
     150 5154.07 22.1 1.560 -1.750              75.4        20.9  32.4      
     151 5185.91 22.1 1.890 -1.490              66.6        13.6  27.0      
     152 5211.54 22.1 2.590 -1.160              31.3                        
     153 5336.77 22.1 1.580 -1.590  26.2  38.8  77.9  36.0  27.3  30.6  35.7
     154 5381.02 22.1 1.560 -1.920  18.4  24.2  68.3  21.4  11.9  26.5      
     155 5418.75 22.1 1.580 -2.000  12.8        59.9  18.5   9.4            
     156 5490.69 22.1 1.560 -2.430              32.3                        
     157 6606.95 22.1 2.060 -2.760              10.6                        
     158 4586.38 23.0 0.040 -0.790                    48.0                  
     159 4594.13 23.0 0.070 -0.670                    56.4                  
     160 4831.65 23.0 0.020 -1.380              22.2                    39.6
     161 4832.43 23.0 0.000 -1.500              20.1                    43.0
     162 4875.49 23.0 0.040 -0.810        16.6        51.4                  
     163 5627.63 23.0 1.080 -0.350  18.2        19.1  15.5              37.7
     164 5670.85 23.0 1.080 -0.430  16.7        14.9                    35.2
     165 5698.52 23.0 1.060 -0.120  26.9              36.5                  
     166 5703.58 23.0 1.050 -0.210  20.2   6.7  25.5  18.8              46.7
     167 5706.98 23.0 1.040 -0.420                    17.3              44.6
     168 5727.05 23.0 1.080 -0.020  32.8              32.3                  
     169 5737.06 23.0 1.060 -0.740                                      18.0
     170 6039.73 23.0 1.060 -0.650              12.7                    28.0
     171 6081.44 23.0 1.050 -0.578              12.7                    27.9
     172 6090.21 23.0 1.080 -0.062  28.8  11.8  26.4  27.1              50.8
     173 6111.65 23.0 1.040 -0.732                                      24.3
     174 6119.53 23.0 1.060 -0.320  20.0   7.6        17.7              40.0
     175 6199.19 23.0 0.290 -1.280                                      41.3
     176 6216.37 23.0 0.280 -1.290  27.2                                49.9
     177 6243.11 23.0 0.300 -0.980  33.6  11.9        35.7                  
     178 6251.82 23.0 0.290 -1.340  19.7              18.7              44.3
     179 4511.91 24.0 3.080 -0.390              24.1                        
     180 4545.94 24.0 0.940 -1.280              76.7              40.5 112.7
     181 4708.02 24.0 3.160 -0.070        12.9  31.5  21.3              30.7
     182 5296.69 24.0 0.980 -1.280  88.9  56.9  90.6  79.4  22.8  45.6 122.1
     183 5297.39 24.0 2.900  0.000  55.9        65.0  52.9  11.8  23.1      
     184 5300.75 24.0 0.980 -2.130  47.7        48.0  44.4   7.3            
     185 5348.33 24.0 1.000 -1.290  96.9  65.5  85.1  95.5  23.6  53.8      
     186 5702.33 24.0 3.450 -0.680               9.5                        
     187 5783.09 24.0 3.320 -0.460              11.6                        
     188 5783.89 24.0 3.320 -0.200              24.1                        
     189 5787.96 24.0 3.320 -0.150  11.3   9.4  20.4  18.2         9.8  24.2
     190 6330.09 24.0 0.940 -2.890  17.4        24.8  17.0              35.5
     191 6630.00 24.0 1.030 -3.570                                       8.2
     192 4588.20 24.1 4.070 -0.710              53.6        20.0            
     193 4616.63 24.1 4.070 -1.160              26.8                        
     194 4848.23 24.1 3.860 -1.150              48.5                        
     195 5237.33 24.1 4.070 -1.130        10.5  35.8                        
     196 5305.85 24.1 3.820 -2.060               9.5                        
     197 5308.41 24.1 4.070 -1.780              12.6                        
     198 5502.07 24.1 4.160 -2.030               8.2                        
     199 4754.05 25.0 2.280 -0.085 103.2  71.2  97.7  95.9        55.6 111.9
     200 4762.38 25.0 2.890  0.426  63.0        73.2  58.5              78.5
     201 4765.86 25.0 2.940 -0.080  23.7        42.6                    39.7
     202 4766.43 25.0 2.920  0.100  51.6  35.6  61.7  41.7              74.1
     203 4783.43 25.0 2.300  0.042 101.8  77.7 100.1  99.3        56.2 133.4
     204 4823.53 25.0 2.320  0.144 120.9  72.3  92.5 106.0        58.7 131.1
     205 6021.79 25.0 3.080  0.035  41.4  21.3  48.5  34.6              43.6
     206 4517.52 26.0 3.070 -1.860  41.2              31.5              40.9
     207 4547.85 26.0 3.540 -1.010  51.8  42.6        64.4                  
     208 4602.00 26.0 1.600 -3.150  51.0  36.8        49.5                  
     209 4630.12 26.0 2.270 -2.590  54.0  41.7        54.7        37.3  64.0
     210 4635.85 26.0 2.840 -2.360                                      34.3
     211 4678.85 26.0 3.600 -0.830  75.6  70.3              33.6  54.9      
     212 4704.95 26.0 3.680 -1.570        15.9                          33.6
     213 4733.59 26.0 1.480 -2.990  71.7  57.7        72.5  27.2  38.0  88.6
     214 4741.53 26.0 2.830 -1.760        38.4              21.6            
     215 4745.80 26.0 3.650 -1.270  52.3  35.3                              
     216 4788.76 26.0 3.230 -1.760        25.5                              
     217 4802.88 26.0 3.640 -1.510        19.5                              
     218 4839.54 26.0 3.260 -1.820        36.2                          36.3
     219 4875.88 26.0 3.330 -2.020  21.5                                33.7
     220 4882.14 26.0 3.410 -1.640  28.9  27.5        34.3              48.1
     221 4903.31 26.0 2.880 -0.930                   130.8  59.2  88.6      
     222 4907.73 26.0 3.430 -1.840  26.8                                26.2
     223 4917.23 26.0 4.190 -1.180  19.0  18.1  31.7                        
     224 4946.39 26.0 3.360 -1.170  74.4  51.5  74.2  69.7  28.3  40.6      
     225 4969.92 26.0 4.210 -0.710                                33.4      
     226 4994.13 26.0 0.910 -3.080        72.7 101.1 102.5  53.5  67.7      
     227 5002.79 26.0 3.390 -1.580  42.0  34.6  58.8  45.2                  
     228 5028.13 26.0 3.570 -1.120        38.8  64.8        22.9  33.0      
     229 5029.62 26.0 3.410 -2.050              32.5                        
     230 5044.21 26.0 2.850 -2.060        33.6  60.3        13.3  24.0      
     231 5067.15 26.0 4.220 -0.970        27.9  39.3                        
     232 5083.34 26.0 0.950 -2.960        80.3 104.4        49.7  70.1      
     233 5090.77 26.0 4.250 -0.400        49.8  58.8              39.6      
     234 5127.36 26.0 0.910 -3.310        72.1  94.1        42.3  57.4      
     235 5137.38 26.0 4.170 -0.400        50.0  68.6        28.6  41.1      
     236 5141.74 26.0 2.420 -2.240        50.6              16.2  36.6      
     237 5159.06 26.0 4.280 -0.820        24.0  40.3         8.9            
     238 5198.71 26.0 2.220 -2.140        72.0                    52.0      
     239 5216.27 26.0 1.600 -2.150        82.5       137.0  56.9  78.3      
     240 5217.39 26.0 3.210 -1.070  91.4  67.6  79.4 108.7  37.5  53.2      
     241 5225.53 26.0 0.110 -4.790  64.6  48.0        54.3  16.2  34.0      
     242 5242.49 26.0 3.630 -0.970        42.5  67.5  53.7  26.4  40.1      
     243 5243.78 26.0 4.250 -1.150  14.1        33.1  21.0                  
     244 5247.05 26.0 0.080 -4.950  59.0  39.4        58.9  10.6  30.4      
     245 5250.21 26.0 0.120 -4.940  57.1  34.7        61.4        31.5      
     246 5250.65 26.0 2.190 -2.180  83.1  68.4       103.7  35.0  58.7      
     247 5253.46 26.0 3.280 -1.570  40.5  33.3  59.3  46.4        30.0      
     248 5288.52 26.0 3.690 -1.510  18.4                                26.3
     249 5322.04 26.0 2.270 -2.800  36.0              30.1                  
     250 5373.71 26.0 4.470 -0.760              34.0  25.1        13.9      
     251 5379.57 26.0 3.690 -1.510  17.6  20.3  39.7  20.7        13.0  23.8
     252 5389.48 26.0 4.410 -0.410  38.2  29.8  60.5  34.1  16.5  28.6      
     253 5398.28 26.0 4.440 -0.630  29.7  24.5  41.9  23.4  14.8  21.9      
     254 5417.03 26.0 4.410 -1.580              12.4                        
     255 5445.04 26.0 4.380 -0.020  79.0  61.7  79.0  75.6  38.3  63.1      
     256 5466.40 26.0 4.370 -0.630  35.2  33.7  50.9  38.1        32.3      
     257 5473.90 26.0 4.150 -0.760  32.5  28.1  51.1  37.0  13.6  25.2      
     258 5501.46 26.0 0.950 -3.050        81.1       114.6  54.1  74.5      
     259 5506.78 26.0 0.990 -2.800        93.0       134.7  61.5  85.9      
     260 5522.45 26.0 4.200 -1.450              20.8                        
     261 5525.54 26.0 4.230 -1.080                                10.8      
     262 5543.94 26.0 4.210 -1.140  17.3  18.1                              
     263 5560.21 26.0 4.430 -1.090              27.7                        
     264 5576.09 26.0 3.430 -0.900        73.4  81.6  95.6  35.9  62.0      
     265 5618.63 26.0 4.200 -1.280                                11.9      
     266 5633.95 26.0 4.990 -0.270              39.1              16.5  21.7
     267 5638.26 26.0 4.220 -0.870  28.5        47.5  32.6        26.4  35.7
     268 5662.52 26.0 4.170 -0.570  54.7  41.5  65.9  48.9  23.0  35.6  55.0
     269 5679.02 26.0 4.650 -0.820              31.3              11.5      
     270 5686.53 26.0 4.540 -0.450        22.5  47.0              18.4  26.2
     271 5691.50 26.0 4.300 -1.520              19.2                        
     272 5701.54 26.0 2.550 -2.120  58.7  41.0  70.4  53.4  20.2  32.9  65.1
     273 5705.46 26.0 4.300 -1.500                                      12.5
     274 5731.76 26.0 4.250 -1.200              32.1                        
     275 5753.12 26.0 4.260 -0.690  30.8  27.5  49.4  39.0        24.0  43.9
     276 5775.08 26.0 4.220 -1.300              33.1                        
     277 5793.92 26.0 4.220 -1.600              15.4                        
     278 5909.97 26.0 3.210 -2.590              23.2                        
     279 5916.25 26.0 2.450 -2.990  24.2        44.8  22.9                  
     280 5927.79 26.0 4.650 -1.090              19.7                        
     281 5930.18 26.0 4.650 -0.230  39.5  34.8  57.8  43.2  15.9  33.1      
     282 5934.65 26.0 3.920 -1.170  34.0        52.2  34.0              40.7
     283 5956.69 26.0 0.850 -4.610  34.7  21.0  55.0  29.5              47.2
     284 5984.81 26.0 4.730 -0.340  31.3  29.7  48.3  35.7        31.9      
     285 5987.07 26.0 4.790 -0.560              36.0  18.9                  
     286 6003.01 26.0 3.880 -1.120  35.6  27.7  58.8  34.3  11.9  28.1      
     287 6024.06 26.0 4.540 -0.120  64.3  60.3  67.3  61.6  26.7  55.1  69.8
     288 6027.05 26.0 4.070 -1.090  19.2        41.3  25.7              26.6
     289 6056.00 26.0 4.730 -0.460  23.8  27.2  44.8  32.2                  
     290 6065.48 26.0 2.600 -1.530        76.1 101.2  99.2  43.7  72.1      
     291 6079.01 26.0 4.650 -1.120              20.7                        
     292 6085.26 26.0 2.750 -2.710  28.0        36.0  32.0                  
     293 6127.91 26.0 4.140 -1.400                    12.3              20.1
     294 6151.62 26.0 2.170 -3.270  23.4        38.8  21.9              26.8
     295 6157.73 26.0 4.070 -1.160  22.4        41.1  21.0              26.8
     296 6165.36 26.0 4.140 -1.470  11.6                                    
     297 6170.51 26.0 4.790 -0.440  25.9        43.1  27.0        17.0  30.8
     298 6173.33 26.0 2.220 -2.880  31.5  31.3  56.0  38.0        27.3  53.5
     299 6180.20 26.0 2.720 -2.590  22.4        47.4  21.5              33.5
     300 6187.99 26.0 3.940 -1.620  12.9        23.6                        
     301 6200.31 26.0 2.600 -2.440  44.6  35.1  59.0  47.8  14.5  24.8      
     302 6213.43 26.0 2.220 -2.480  61.0  40.4  69.1  63.6  20.6  44.4  70.7
     303 6219.28 26.0 2.190 -2.420  66.2  56.1  73.5  66.4  25.6  46.6  78.0
     304 6229.23 26.0 2.840 -2.870              28.5                        
     305 6232.64 26.0 3.650 -1.220  40.3  36.9  62.9  40.3  11.1  30.9  50.4
     306 6246.32 26.0 3.600 -0.880  79.7  64.8  82.3 102.2  39.3  53.7      
     307 6252.56 26.0 2.400 -1.690        82.1 105.1 111.0  52.4  75.0      
     308 6265.13 26.0 2.170 -2.550  71.6  53.2  77.7  62.5  24.1  40.8  77.7
     309 6270.23 26.0 2.850 -2.610  17.3  13.5  36.9  20.4              23.7
     310 6297.79 26.0 2.220 -2.730  43.1  39.4  66.3  53.4        24.1  58.4
     311 6322.69 26.0 2.580 -2.430  48.6  32.6  59.0  43.0        25.9  51.1
     312 6335.33 26.0 2.190 -2.180  81.2  63.6  86.6  80.4  33.8  51.4  99.4
     313 6336.82 26.0 3.680 -0.860  68.7  52.4  75.1  77.9  30.1  45.3  69.3
     314 6344.15 26.0 2.430 -2.920  31.9        50.9  30.9              42.8
     315 6380.74 26.0 4.180 -1.380              28.9                        
     316 6393.60 26.0 2.430 -1.580        88.8 109.4 124.3  57.1  83.6      
     317 6411.65 26.0 3.650 -0.720        75.4  92.7 105.8  40.6  63.5      
     318 6419.95 26.0 4.730 -0.240  36.3  32.0  52.4  33.1  18.0  24.0  35.2
     319 6430.85 26.0 2.170 -2.010        76.7 101.1 101.2  48.4  67.0      
     320 6481.87 26.0 2.270 -2.960  39.7  26.1  52.5  35.1        16.3      
     321 6498.94 26.0 0.950 -4.700  27.8  15.3        30.3        12.4  37.9
     322 6518.37 26.0 2.830 -2.450  23.9              29.7              31.0
     323 6546.24 26.0 2.750 -1.540        65.6  93.6  96.7  35.2  51.1      
     324 6569.21 26.0 4.730 -0.420                    32.3                  
     325 6592.91 26.0 2.720 -1.470        70.9  97.5 112.6  46.3  66.6      
     326 6593.87 26.0 2.430 -2.420  60.6  46.3  77.6  59.4  20.8  34.7      
     327 6677.99 26.0 2.690 -1.420        84.5 103.7 134.0  52.3  70.8      
     328 6750.15 26.0 2.420 -2.620  55.4  38.7        49.5        23.7  68.4
     329 6806.85 26.0 2.720 -3.210              19.0                        
     330 6843.66 26.0 4.540 -0.930                                16.0      
     331 6855.16 26.0 4.550 -0.740  18.8  21.1        26.2        20.1      
     332 7132.99 26.0 4.070 -1.630              19.8                    10.5
     333 7461.52 26.0 2.550 -3.580              18.9                        
     334 7491.65 26.0 4.300 -1.010  21.4  15.0  36.9  22.8                  
     335 7495.06 26.0 4.220 -0.100  96.1  87.3  85.6 123.6  42.0  70.4      
     336 7568.89 26.0 4.280 -0.880  31.7        44.7  20.3              25.2
     337 7583.79 26.0 3.010 -1.890  48.0  35.2  65.4  37.7        40.1  52.7
     338 7710.36 26.0 4.220 -1.110              40.3                        
     339 7748.27 26.0 2.940 -1.750        54.8  80.7  68.0        43.0  79.2
     340 7807.95 26.0 4.990 -0.700              28.3                    14.6
     341 7941.09 26.0 3.270 -2.580              22.9                        
     342 8365.63 26.0 3.250 -1.910  35.9        48.6  26.4                  
     343 8468.41 26.0 2.220 -2.070             115.3 127.5  53.2            
     344 8514.07 26.0 2.190 -2.230        71.2 101.7 105.2  48.0  66.4      
     345 8515.11 26.0 3.010 -2.070        23.0  63.4  41.7        28.5      
     346 8582.26 26.0 2.990 -2.130  37.8              32.6              46.8
     347 8611.80 26.0 2.840 -1.850  69.4  58.8  78.9  68.4  27.8  50.1  73.5
     348 8621.60 26.0 2.940 -2.320                    25.5              43.4
     349 8674.75 26.0 2.830 -1.680        65.1        78.4        61.1  93.0
     350 8757.19 26.0 2.840 -1.910        55.6        66.7  23.1  41.7  71.5
     351 4508.29 26.1 2.850 -2.440        37.9                              
     352 4520.22 26.1 2.810 -2.650                                29.3      
     353 4522.63 26.1 2.840 -2.250                                44.0      
     354 4555.89 26.1 2.830 -2.400  28.0  41.3  79.1  29.4  36.6  46.8  23.2
     355 4576.34 26.1 2.840 -2.950                                27.0      
     356 4583.84 26.1 2.810 -1.930  47.2       105.8  56.4        58.5  38.1
     357 4620.52 26.1 2.820 -3.210              45.5                        
     358 4629.34 26.1 2.800 -2.340        49.0              38.8  50.8      
     359 4731.45 26.1 2.890 -3.100                                20.4      
     360 4923.93 26.1 2.890 -1.260                                80.2      
     361 5018.44 26.1 2.890 -1.100                                96.0      
     362 5197.58 26.1 3.230 -2.220                          24.1  35.3      
     363 5234.63 26.1 3.220 -2.180        34.9  67.3        26.7  33.3      
     364 5276.00 26.1 3.200 -2.010                          39.0  48.2      
     365 5284.11 26.1 2.890 -3.110              48.8              17.5      
     366 5362.87 26.1 3.200 -2.570                          22.0  27.1      
     367 5414.07 26.1 3.220 -3.580              16.9                        
     368 5425.26 26.1 3.190 -3.220              25.0                        
     369 5534.85 26.1 3.240 -2.750        14.6  40.8              10.5      
     370 5991.38 26.1 3.150 -3.540              16.6                        
     371 6149.26 26.1 3.880 -2.690              19.8                        
     372 6247.56 26.1 3.890 -2.300        10.6  34.2              12.4      
     373 6416.92 26.1 3.890 -2.640              24.1                        
     374 6432.68 26.1 2.890 -3.570              25.6                        
     375 6456.38 26.1 3.900 -2.050        11.6  43.4              15.0      
     376 6516.08 26.1 2.890 -3.310              40.7               9.4      
     377 4686.21 28.0 3.590 -0.580              37.1                        
     378 4831.17 28.0 3.600 -0.320        32.6  59.7  29.4        37.1      
     379 4857.39 28.0 3.740 -0.830              24.4                        
     380 4866.26 28.0 3.530 -0.430                    35.6                  
     381 4904.41 28.0 3.540 -0.250  45.8  47.9  64.6  43.4  22.6  43.0      
     382 4953.20 28.0 3.740 -0.580              32.6                        
     383 4998.22 28.0 3.600 -0.690              28.5                        
     384 5082.34 28.0 3.650 -0.540              47.1                        
     385 5084.09 28.0 3.670 -0.070        38.8  53.0                        
     386 5102.96 28.0 1.670 -2.670              39.4                        
     387 5115.39 28.0 3.830 -0.130        26.8  47.6        11.3  25.8      
     388 5578.71 28.0 1.670 -2.560                    25.3                  
     389 5587.85 28.0 1.930 -2.450  18.3        43.6  20.4                  
     390 5593.73 28.0 3.890 -0.770              21.8                        
     391 5754.65 28.0 1.930 -1.840  28.1  33.1  66.9  31.2        22.0  39.2
     392 5805.21 28.0 4.160 -0.610              19.5                        
     393 5846.99 28.0 1.670 -3.450              19.8                        
     394 6007.31 28.0 1.670 -3.400              21.3                        
     395 6086.28 28.0 4.260 -0.450              17.1                        
     396 6108.11 28.0 1.670 -2.440  26.4  25.5  59.4  30.7        20.4  32.4
     397 6111.07 28.0 4.080 -0.820              15.8                        
     398 6128.96 28.0 1.670 -3.360              20.1                        
     399 6175.36 28.0 4.080 -0.500              23.8                        
     400 6176.81 28.0 4.080 -0.260              34.9                        
     401 6177.24 28.0 1.820 -3.550              11.4                        
     402 6314.65 28.0 1.930 -1.990  24.3  26.9  61.1  29.2        20.5      
     403 6327.59 28.0 1.670 -3.060              32.0                        
     404 6482.80 28.0 1.930 -2.760  10.2        29.7                    10.1
     405 6643.63 28.0 1.670 -1.920  56.6  46.8  89.2  54.5  21.1  35.4  57.9
     406 6767.77 28.0 1.820 -2.100  45.6  39.5  72.3  46.9  18.3  35.9      
     407 6772.31 28.0 3.650 -0.930              27.1                        
     408 6842.04 28.0 3.650 -1.490              15.1                        
     409 7110.89 28.0 1.930 -2.890              24.4                        
     410 7715.58 28.0 3.690 -1.010              29.5                        
     411 7748.89 28.0 3.700 -0.330        33.4  60.8  38.7        23.6      
     412 7788.94 28.0 1.950 -1.750  41.9  37.1  80.4  46.8        26.9      
     413 7797.59 28.0 3.890 -0.340  23.3  26.4  52.5  22.3        21.8      
     414 4722.15 30.0 4.030 -0.340  14.3  26.3  55.0        17.9  23.1   9.4
     415 4810.53 30.0 4.070 -0.230  26.4  35.6  52.5  23.8  23.3  28.3  23.5
     416 6362.34 30.0 5.790  0.140              10.4                        
     417 4854.86 39.1 0.990 -0.270        18.1  46.8              14.0      
     418 4883.68 39.1 1.080  0.060  26.6  26.0  63.8  30.1  18.6  29.0      
     419 4900.12 39.1 1.030 -0.110  25.8  20.5  52.9  25.6  10.9  28.7  23.1
     420 5087.42 39.1 1.080 -0.220        19.6  45.8              15.6      
     421 5200.41 39.1 0.990 -0.570              41.9              16.7      
     422 5662.92 39.1 1.940  0.600  15.4  12.8  40.1  15.3              21.9
     423 4554.03 56.1 0.000  0.320 153.6 133.1 174.0             131.2 158.7
     424 5853.67 56.1 0.600 -0.730  26.7  41.2  73.4  28.4  19.7  24.8  24.7
     425 6141.71 56.1 0.700  0.230  93.4  79.7 105.4  79.9  59.2  75.2  77.9
     426 6496.90 56.1 0.600 -0.150  56.8  74.5 102.5  65.6  48.5  61.7  64.0
